987
832
554
763
268
859
149
432
776
502
118
390
426
383
588
121
975
805
937
358
413
943
461
228
504
501
716
986
920
819
696
718
606
918
397
128
722
982
601
223
695
997
553
290
717
938
790
973
293
753
705
506
524
894
885
343
476
888
873
575
924
434
521
682
172
788
223
325
431
602
633
189
626
426
239
566
969
617
923
614
958
172
265
516
880
484
821
215
607
436
166
702
341
270
897
300
130
154
605
710
712
260
191
810
556
983
473
316
742
230
273
965
299
430
756
556
957
928
203
393
532
771
420
856
799
305
183
845
693
334
438
317
925
913
231
893
920
773
763
491
741
129
531
974
347
583
562
365
245
496
389
495
218
959
859
422
523
615
285
885
674
859
405
276
575
572
598
931
977
924
657
932
759
257
559
553
383
408
708
976
496
498
311
980
622
296
711
985
442
920
912
945
568
585
909
914
836
602
720
778
431
633
976
127
568
824
741
662
959
790
285
763
248
236
522
843
418
258
661
861
536
125
788
234
174
746
605
176
112
314
566
694
564
439
832
518
397
123
620
888
299
773
485
238
971
616
952
235
216
352
829
546
309
845
432
865
968
693
377
924
260
255
416
764
754
569
497
715
778
462
820
458
478
271
243
677
879
891
847
197
301
847
959
868
741
109
303
748
384
843
227
758
648
479
528
690
731
157
284
845
126
442
810
337
263
739
735
585
861
443
294
750
178
281
707
357
789
363
125
703
423
355
551
610
630
736
177
973
117
819
463
261
366
141
793
469
120
123
207
536
865
872
535
692
784
772
424
598
903
768
128
685
225
651
876
907
385
759
781
425
553
132
120
858
586
290
104
492
682
269
404
651
155
903
189
367
864
671
634
950
449
359
234
497
813
731
223
184
542
182
272
409
167
693
685
219
772
407
902
126
952
523
327
257
333
394
898
717
287
322
226
785
563
934
408
427
544
347
409
116
662
320
682
882
118
138
815
534
121
326
238
469
316
720
500
914
140
197
861
388
114
497
765
312
484
212
143
735
858
968
109
157
114
939
576
468
121
640
883
649
705
306
466
738
539
139
211
919
309
474
599
626
261
958
971
935
275
794
818
114
620
205
142
847
184
371
725
790
646
360
347
856
637
214
376
142
718
288
514
532
254
961
413
701
366
416
978
849
156
719
226
954
523
110
148
469
992
875
291
894
677
204
658
524
214
474
553
504
524
259
563
838
279
666
980
478
162
106
766
410
989
508
824
930
329
704
326
427
418
892
313
775
541
441
256
267
839
219
240
763
568
516
769
969
481
520
868
121
585
547
951
523
151
455
757
512
317
851
326
190
840
177
238
357
274
838
209
618
281
935
220
913
690
900
123
159
100
960
790
212
677
310
296
156
857
917
836
946
678
498
910
306
324
509
924
942
907
247
154
336
904
843
670
722
328
621
914
256
392
696
194
377
132
932
114
838
622
462
502
482
775
609
848
371
310
965
162
839
851
794
981
642
476
527
337
446
688
430
254
704
889
295
235
313
707
181
292
986
401
763
603
669
363
899
159
857
247
103
576
678
390
776
156
296
441
851
534
161
423
661
511
810
859
765
992
238
759
469
613
209
268
651
632
220
334
740
484
573
870
660
114
831
124
569
681
766
658
949
208
901
413
918
282
815
364
108
725
104
361
600
264
572
290
104
492
682
269
404
651
155
903
189
367
864
671
634
950
449
359
234
497
813
731
223
184
542
182
272
409
167
693
685
219
772
407
902
126
952
523
327
257
333
394
898
717
287
322
226
785
563
934
408
427
544
347
409
116
662
320
682
882
118
138
815
534
121
326
238
469
316
720
500
914
140
197
861
388
114
497
765
312
484
212
143
735
858
968
109
157
114
939
576
468
121
640
883
649
705
306
466
738
539
139
211
919
309
474
599
626
261
958
971
935
275
794
818
114
620
205
142
847
184
371
725
790
646
360
347
856
637
214
376
142
718
288
514
532
254
961
413
701
366
416
978
849
156
719
226
954
523
110
148
469
992
875
291
894
677
204
658
524
214
474
553
504
524
259
563
838
279
666
980
478
162
106
766
410
989
508
824
930
329
704
326
427
418
892
313
775
541
441
256
267
839
219
240
763
568
516
769
969
481
520
868
121
585
547
951
523
151
455
757
512
317
851
326
190
840
177
238
357
274
838
209
618
281
935
220
913
690
900
123
159
100
960
790
212
677
310
296
156
857
917
836
946
678
498
910
306
324
509
924
942
907
247
154
336
904
843
670
722
328
621
914
256
392
696
194
377
132
932
114
838
622
462
502
482
775
609
848
371
310
965
162
839
851
794
981
642
476
527
337
446
688
430
254
704
889
295
235
313
707
181
292
986
401
763
603
669
363
899
159
857
247
103
576
678
390
776
156
296
441
851
534
161
423
661
511
810
859
765
992
238
759
469
613
209
268
651
632
220
334
740
484
573
870
660
114
831
124
569
681
766
658
949
208
901
413
918
282
815
364
108
725
104
361
600
264
572
290
104
492
682
269
404
651
155
903
189
367
864
671
634
950
449
359
234
497
813
731
223
184
542
182
272
409
167
693
685
219
772
407
902
126
952
523
327
257
333
394
898
717
287
322
226
785
563
934
408
427
544
347
409
116
662
320
682
882
118
138
815
534
121
326
238
469
316
720
500
914
140
197
861
388
114
497
765
312
484
212
143
735
858
968
109
157
114
939
576
468
121
640
883
649
705
306
466
738
539
139
211
919
309
474
599
626
261
958
971
935
275
794
818
114
620
205
142
847
184
371
725
790
646
360
347
856
637
214
376
142
718
288
514
532
254
961
413
701
366
416
978
849
156
719
226
954
523
110
148
469
992
875
291
894
677
204
658
524
214
474
553
504
524
259
563
838
279
666
980
478
162
106
766
410
989
508
824
930
329
704
326
427
418
892
313
775
541
441
256
267
839
219
240
763
568
516
769
969
481
520
868
121
585
547
951
523
151
455
757
512
317
851
326
190
840
177
238
357
274
838
209
618
281
935
220
913
690
900
123
159
100
960
790
212
677
310
296
156
857
917
836
946
678
498
910
306
324
509
924
942
907
247
154
336
904
843
670
722
328
621
914
256
392
696
194
377
132
932
114
838
622
462
502
482
775
609
848
371
310
965
162
839
851
794
981
642
476
527
337
446
688
430
254
704
889
295
235
313
707
181
292
986
401
763
603
669
363
899
159
857
247
103
576
678
390
776
156
296
441
851
534
161
423
661
511
810
859
765
992
238
759
469
613
209
268
651
632
220
334
740
484
573
870
660
114
831
124
569
681
766
658
949
208
901
413
918
282
815
364
108
725
104
361
600
264
572
290
104
492
682
269
404
651
155
903
189
367
864
671
634
950
449
359
234
497
813
731
223
184
542
182
272
409
167
693
685
219
772
407
902
126
952
523
327
257
333
394
898
717
287
322
226
785
563
934
408
427
544
347
409
116
662
320
682
882
118
138
815
534
121
326
238
469
316
720
500
914
140
197
861
388
114
497
765
312
484
212
143
735
858
968
109
157
114
939
576
468
121
640
883
649
705
306
466
738
539
139
211
919
309
474
599
626
261
958
971
935
275
794
818
114
620
205
142
847
184
371
725
790
646
360
347
856
637
214
376
142
718
288
514
532
254
961
413
701
366
416
978
849
156
719
226
954
523
110
148
469
992
875
291
894
677
204
658
524
214
474
553
504
524
259
563
838
279
666
980
478
162
106
766
410
989
508
824
930
329
704
326
427
418
892
313
775
541
441
256
267
839
219
240
763
568
516
769
969
481
520
868
121
585
547
951
523
151
455
757
512
317
851
326
190
840
177
238
357
274
838
209
618
281
935
220
913
690
900
123
159
100
960
790
212
677
310
296
156
857
917
836
946
678
498
910
306
324
509
924
942
907
247
154
336
904
843
670
722
328
621
914
256
392
696
194
377
132
932
114
838
622
462
502
482
775
609
848
371
310
965
162
839
851
794
981
642
476
527
337
446
688
430
254
704
889
295
235
313
707
181
292
986
401
763
603
669
363
899
159
857
247
103
576
678
390
776
156
296
441
851
534
161
423
661
511
810
859
765
992
238
759
469
613
209
268
651
632
220
334
740
484
573
870
660
114
831
124
569
681
766
658
949
208
901
413
918
282
815
364
108
725
104
361
600
264
572
290
104
492
682
269
404
651
155
903
189
367
864
671
634
950
449
359
234
497
813
731
223
184
542
182
272
409
167
693
685
219
772
407
902
126
952
523
327
257
333
394
898
717
287
322
226
785
563
934
408
427
544
347
409
116
662
320
682
882
118
138
815
534
121
326
238
469
316
720
500
914
140
197
861
388
114
497
765
312
484
212
143
735
858
968
109
157
114
939
576
468
121
640
883
649
705
306
466
738
539
139
211
919
309
474
599
626
261
958
971
935
275
794
818
114
620
205
142
847
184
371
725
790
646
360
347
856
637
214
376
142
718
288
514
532
254
961
413
701
366
416
978
849
156
719
226
954
523
110
148
469
992
875
291
894
677
204
658
524
214
474
553
504
524
259
563
838
279
666
980
478
162
106
766
410
989
508
824
930
329
704
326
427
418
892
313
775
541
441
256
267
839
219
240
763
568
516
769
969
481
520
868
121
585
547
951
523
151
455
757
512
317
851
326
190
840
177
238
357
274
838
209
618
281
935
220
913
690
900
123
159
100
960
790
212
677
310
296
156
857
917
836
946
678
498
910
306
324
509
924
942
907
247
154
336
904
843
670
722
328
621
914
256
392
696
194
377
132
932
114
838
622
462
502
482
775
609
848
371
310
965
162
839
851
794
981
642
476
527
337
446
688
430
254
704
889
295
235
313
707
181
292
986
401
763
603
669
363
899
159
857
247
103
576
678
390
776
156
296
441
851
534
161
423
661
511
810
859
765
992
238
759
469
613
209
268
651
632
220
334
740
484
573
870
660
114
831
124
569
681
766
658
949
208
901
413
918
282
815
364
108
725
104
361
600
264
572